<?xml version="1.0"?>
<opencv_storage>
<calibration_Time>"Wed 05 Mar 2014 09:37:22 PM PST"</calibration_Time>
<nrOfFrames>20</nrOfFrames>
<image_Width>640</image_Width>
<image_Height>480</image_Height>
<board_Width>9</board_Width>
<board_Height>6</board_Height>
<square_Size>2.4500000000000000e+01</square_Size>
<FixAspectRatio>1.</FixAspectRatio>
<!-- flags:  +fix_aspectRatio +fix_principal_point -->
<flagValue>6</flagValue>
<Camera_Matrix type_id="opencv-matrix">
  <rows>3</rows>
  <cols>3</cols>
  <dt>d</dt>
  <data>
    6.3117175205641183e+02 0. 3.1950000000000000e+02 0.
    6.3117175205641183e+02 2.3950000000000000e+02 0. 0. 1.</data></Camera_Matrix>
<Distortion_Coefficients type_id="opencv-matrix">
  <rows>5</rows>
  <cols>1</cols>
  <dt>d</dt>
  <data>
    -4.1605062165297507e-01 2.6505676737778694e-01
    -5.2493360426022302e-03 -2.5224864678663654e-03
    -1.4925040070852708e-01</data></Distortion_Coefficients>
<Avg_Reprojection_Error>2.1281171917138328e-01</Avg_Reprojection_Error>
<Per_View_Reprojection_Errors type_id="opencv-matrix">
  <rows>20</rows>
  <cols>1</cols>
  <dt>f</dt>
  <data>
    2.18946353e-01 2.26848498e-01 2.22920313e-01 2.00375229e-01
    1.98108405e-01 2.01430038e-01 1.91052079e-01 2.00643390e-01
    2.07768589e-01 2.09724620e-01 1.99226141e-01 2.02352762e-01
    1.93755880e-01 2.26806477e-01 2.25714654e-01 2.28991151e-01
    2.22892210e-01 2.22887993e-01 2.27626309e-01 2.20511332e-01</data></Per_View_Reprojection_Errors>
<!-- a set of 6-tuples (rotation vector + translation vector) for each view -->
<Extrinsic_Parameters type_id="opencv-matrix">
  <rows>20</rows>
  <cols>6</cols>
  <dt>d</dt>
  <data>
    -2.1646723869059903e-01 3.7133807642492761e-01
    -3.3878025319557775e-02 -7.3973539029900081e+01
    -5.0704138273207356e+01 3.3651975665236807e+02
    -1.6706853681091827e-01 4.1440577603096468e-01
    -1.8461388400662831e-02 -5.6974942587833404e+01
    -6.5589110288445070e+01 3.3947750644156599e+02
    -1.7860331667660159e-01 3.6357865520162985e-01
    -1.0225011156332306e-02 -7.4593818078842730e+01
    -6.2514631188472151e+01 3.3267172346384700e+02
    -2.3536751690174612e-01 2.9733496179229174e-01
    -2.5492376771706599e-02 -9.6824298825661970e+01
    -4.1734757015910716e+01 3.2623476100278208e+02
    -2.4724784054186383e-01 2.8647369787271187e-01
    -3.6269491794501722e-02 -1.0056769129735167e+02
    -3.5820815184657221e+01 3.2368663910573309e+02
    -2.5329941488780899e-01 2.8518290986476580e-01
    -4.6929802141938294e-02 -1.0177841859785680e+02
    -3.0488746784586056e+01 3.2256835423999047e+02
    -2.5422046446287871e-01 2.5326178573948449e-01
    -6.0053119009128353e-02 -1.1591596069141626e+02
    -2.6066474645233619e+01 3.1605837189535578e+02
    -2.3851404401666920e-01 2.2983463748774882e-01
    -6.0894478292852453e-02 -1.2440624286015429e+02
    -3.0175115752178268e+01 3.0906629409207642e+02
    -2.2207701954446463e-01 2.0734143893570223e-01
    -6.1937739794215033e-02 -1.3182160942999738e+02
    -3.5378758126812720e+01 3.0192467116695462e+02
    -2.1712030576408370e-01 1.9126147022243487e-01
    -6.2924206078721345e-02 -1.3721052146103588e+02
    -3.6353250263595939e+01 2.9746557396905928e+02
    -2.2960094228667347e-01 1.8275476761839574e-01
    -6.7415634845846700e-02 -1.4042965911006061e+02
    -3.0745876264305110e+01 2.9526001150116480e+02
    -2.5227547172211978e-01 1.8596161552094762e-01
    -7.2039657183635045e-02 -1.3950404018423615e+02
    -2.1870379437695906e+01 2.9769875487273919e+02
    -2.7310260035043693e-01 1.7897914878027912e-01
    -7.5730605724163264e-02 -1.4169787242656238e+02
    -1.4586410288048352e+01 2.9700163796237536e+02
    -1.4358266542774467e-01 1.2438477747959305e-01
    6.8856085943503568e-03 -1.3994653805713611e+02
    -8.5989892492184723e+01 2.7302881189460396e+02
    -1.4840619521566933e-01 1.4387220151576416e-01
    2.3062083906928200e-02 -1.2898399945718978e+02
    -8.8744783965079279e+01 2.7885362619144905e+02
    -1.5417363540511128e-01 1.6027316077250287e-01
    3.9201731790578488e-02 -1.1982925338109712e+02
    -8.9958394625675624e+01 2.8262979004387051e+02
    -1.5878005491932504e-01 1.8023597444238484e-01
    5.4412187824442494e-02 -1.1002875666177219e+02
    -9.1062304527168806e+01 2.8713606644322158e+02
    -1.5461369956750795e-01 2.0566017727175567e-01
    5.5523875541910191e-02 -1.0040385485744349e+02
    -9.1571052183512535e+01 2.9176081995294209e+02
    -1.4109948765995284e-01 2.3050474174204522e-01
    4.5981123122667278e-02 -9.3970806618725419e+01
    -9.1722529496688608e+01 2.9504874842041966e+02
    -1.3917848362833174e-01 2.3613733137196097e-01
    4.7303324653257359e-02 -9.1182136009122246e+01
    -9.2428566236530841e+01 2.9527742876014634e+02</data></Extrinsic_Parameters>
